  single point
          carb     31.73219600000000         1.000000         0.000000    
          nitr     5.000000000000000         1.000000         0.000000    
          phos     2.000000000000000         1.000000         0.000000    
       photoqn     1.202104700000000         1.000000         0.000000    
            rq     1.000000000000000         1.000000         0.000000    
       fcbodox    0.8409529300000000         1.000000         0.000000    
     fcbodtemp     1.000000000000000         1.000000         0.000000    
         onhyd    0.3000000000000000         1.000000         0.000000    
        ontemp     1.070000000000000         1.000000         0.000000    
          onsv     3.000000000000000         1.000000         0.000000    
        nh4nit    2.5815603000000000E-02     1.000000         0.000000    
       nh4temp     1.070000000000000         1.000000         0.000000    
           dnf    0.3097009100000000         1.000000         0.000000    
       dnftemp     1.000000000000000         1.000000         0.000000    
        dnfsed     1.000000000000000         1.000000         0.000000    
   dnfsed_temp     1.070000000000000         1.000000         0.000000    
         ophyd    5.0000000000000000E-02     1.000000         0.000000    
        optemp     1.070000000000000         1.000000         0.000000    
          opsv    0.3637155200000000         1.000000         0.000000    
         po4sv     2.000000000000000         1.000000         0.000000    
      po4sedox    0.3918529900000000         1.000000         0.000000    
        phytgr     2.660668300000000         1.000000         0.000000    
   phytgr_temp     1.070000000000000         1.000000         0.000000    
      phytresp    0.5000000000000000         1.000000         0.000000    
  phytresp_tmp     1.000000000000000         1.000000         0.000000    
        phytdr     1.000000000000000         1.000000         0.000000    
    phytdr_tmp     1.070000000000000         1.000000         0.000000    
      phytnitr     16.40459800000000         1.000000         0.000000    
      phytphos     3.956225300000000         1.000000         0.000000    
       phytdic    1.8183383000000000E-05     1.000000         0.000000    
     phytlight     40.00000000000000         1.000000         0.000000    
       phytnh4     27.74575400000000         1.000000         0.000000    
        phytsv     1.324644600000000         1.000000         0.000000    
          bpgr     143.7932800000000         1.000000         0.000000    
     bpgr_temp     1.000078800000000         1.000000         0.000000    
        bpresp    0.2000000000000000         1.000000         0.000000    
      bpphresp    0.1995005400000000         1.000000         0.000000    
  bpphresp_tmp     1.000000000000000         1.000000         0.000000    
         bpexc    0.5000000000000000         1.000000         0.000000    
    bpexc_temp     1.070000000000000         1.000000         0.000000    
          bpdr    0.4806928700000000         1.000000         0.000000    
          bpcc     50.04109800000000         1.000000         0.000000    
     bpdr_temp     1.000080800000000         1.000000         0.000000    
       bpnitrk     100.0000000000000         1.000000         0.000000    
       bpphosk     25.00000000000000         1.000000         0.000000    
        bpdick    2.7391548000000000E-06     1.000000         0.000000    
      bplightk     109.9669100000000         1.000000         0.000000    
         bpnh4     15.00000000000000         1.000000         0.000000    
      bpnitrsq     7.200000000000000         1.000000         0.000000    
      bpphossq     4.613092900000000         1.000000         0.000000    
      bpnitrmu     350.0000000000000         1.000000         0.000000    
      bpphosmu     200.0000000000000         1.000000         0.000000    
      bpnitrik     4.997638500000000         1.000000         0.000000    
      bpphosik     1.050000000000000         1.000000         0.000000    
      bpnitrwc    0.9891470700000000         1.000000         0.000000    
      bpphoswc    0.5383883800000000         1.000000         0.000000    
          bpsf    0.1000000000000000         1.000000         0.000000    
        bpexps    2.1817753000000000E-02     1.000000         0.000000    
        bpbios     10.00000000000000         1.000000         0.000000    
         detdr    5.0000000000000000E-02     1.000000         0.000000    
     detdrtemp     1.000000000000000         1.000000         0.000000    
         detsv     1.999394100000000         1.000000         0.000000    
        reaera     3.003307400000000         1.000000         0.000000    
        reaerb    0.5003039300000000         1.000000         0.000000    
        reaerc    -1.849741200000000         1.000000         0.000000    
         mann1    2.9797761000000000E-02     1.000000         0.000000    
         mann2    2.0000000000000000E-02     1.000000         0.000000    
         mann3    6.3998970000000000E-02     1.000000         0.000000    
         mann4    0.8249786200000000         1.000000         0.000000    
         mann5    0.1629672300000000         1.000000         0.000000    
         mann6    0.3787841300000000         1.000000         0.000000    
         mann7    0.1566161300000000         1.000000         0.000000    
         mann8    0.2158506400000000         1.000000         0.000000    
        algae1    0.9728984300000000         1.000000         0.000000    
        algae2     1.000000000000000         1.000000         0.000000    
        algae3    4.3229030000000000E-02     1.000000         0.000000    
        algae4    0.9984757000000000         1.000000         0.000000    
        algae5    0.1225382000000000         1.000000         0.000000    
        algae6    0.1627960200000000         1.000000         0.000000    
        algae7     1.000000000000000         1.000000         0.000000    
        algae8    0.2631111400000000         1.000000         0.000000    
          sod1     1.000000000000000         1.000000         0.000000    
          sod2    0.3392274800000001         1.000000         0.000000    
          sod3     1.000000000000000         1.000000         0.000000    
          sod4     1.000000000000000         1.000000         0.000000    
          sod5    0.6884962900000000         1.000000         0.000000    
          sod6     1.000000000000000         1.000000         0.000000    
          sod7     1.000000000000000         1.000000         0.000000    
          sod8    0.9640582000000000         1.000000         0.000000    
